Valor_ADC_12bits	Frecuencia
2836	1
2838	1
2846	1
2848	1
2850	3
2851	2
2853	3
2855	1
2857	1
2858	1
2859	1
2861	2
2865	3
2866	2
2869	4
2870	1
2871	1
2872	4
2873	2
2874	1
2875	2
2876	2
2877	3
2878	2
2879	1
2880	3
2881	4
2882	1
2883	1
2884	2
2885	4
2886	1
2887	4
2888	6
2889	3
2890	7
2891	3
2892	5
2893	2
2894	1
2895	3
2896	4
2897	4
2898	4
2899	3
2900	5
2901	5
2902	5
2903	3
2904	4
2905	3
2906	4
2907	7
2908	5
2909	3
2910	1
2912	8
2913	3
2914	6
2915	1
2916	4
2917	4
2918	4
2920	7
2921	4
2922	1
2923	1
2924	4
2925	2
2926	4
2927	3
2928	8
2929	8
2930	9
2931	6
2932	9
2933	3
2934	5
2935	2
2936	3
2937	6
2938	7
2939	2
2940	10
2941	5
2942	4
2943	1
2944	3
2945	3
2946	6
2947	6
2948	6
2949	4
2950	2
2951	3
2952	6
2953	3
2954	4
2955	5
2956	3
2957	5
2958	7
2959	4
2960	5
2961	4
2962	8
2963	5
2964	12
2965	8
2966	5
2967	4
2968	6
2969	1
2970	8
2971	10
2972	4
2973	6
2974	12
2975	7
2976	4
2977	4
2978	7
2979	8
2980	7
2981	8
2982	9
2983	7
2984	13
2985	9
2986	4
2987	3
2988	7
2989	7
2990	11
2991	6
2992	7
2993	7
2994	4
2995	4
2996	3
2997	5
2998	4
2999	4
3000	12
3001	12
3002	2
3003	8
3004	3
3005	8
3006	7
3007	5
3008	7
3009	7
3010	13
3011	5
3012	10
3013	4
3014	7
3015	5
3016	9
3017	5
3018	10
3019	13
3020	9
3021	6
3022	9
3023	6
3024	12
3025	8
3026	7
3027	6
3028	7
3029	7
3030	9
3031	7
3032	8
3033	5
3034	8
3035	5
3036	18
3037	9
3038	8
3039	10
3040	6
3041	7
3042	13
3043	7
3044	14
3045	8
3046	10
3047	5
3048	8
3049	12
3050	6
3051	11
3052	8
3053	10
3054	8
3055	9
3056	16
3057	12
3058	4
3059	10
3060	7
3061	9
3062	4
3063	4
3064	11
3065	5
3066	5
3067	8
3068	5
3069	8
3070	11
3071	8
3072	19
3073	10
3074	6
3075	13
3076	5
3077	10
3078	9
3079	5
3080	7
3081	12
3082	12
3083	8
3084	12
3085	13
3086	7
3087	4
3088	13
3089	9
3090	4
3091	6
3092	18
3093	15
3094	8
3095	3
3096	8
3097	8
3098	16
3099	8
3100	8
3101	8
3102	7
3103	10
3104	13
3105	10
3106	9
3107	7
3108	13
3109	10
3110	6
3111	3
3112	11
3113	11
3114	11
3115	8
3116	15
3117	7
3118	12
3119	8
3120	9
3121	9
3122	11
3123	9
3124	9
3125	9
3126	9
3127	8
3128	8
3129	8
3130	11
3131	9
3132	8
3133	11
3134	9
3135	7
3136	9
3137	17
3138	14
3139	13
3140	11
3141	4
3142	15
3143	8
3144	19
3145	11
3146	13
3147	11
3148	10
3149	9
3150	5
3151	10
3152	18
3153	15
3154	9
3155	16
3156	5
3157	5
3158	11
3159	5
3160	10
3161	10
3162	10
3163	7
3164	10
3165	6
3166	10
3167	11
3168	10
3169	11
3170	11
3171	10
3172	11
3173	12
3174	14
3175	9
3176	10
3177	7
3178	11
3179	11
3180	9
3181	12
3182	8
3183	9
3184	14
3185	12
3186	9
3187	9
3188	15
3189	9
3190	9
3191	7
3192	8
3193	6
3194	8
3195	12
3196	11
3197	14
3198	11
3199	6
3200	12
3201	10
3202	9
3203	13
3204	12
3205	16
3206	11
3207	15
3208	9
3209	11
3210	12
3211	7
3212	15
3213	11
3214	14
3215	10
3216	8
3217	14
3218	11
3219	6
3220	13
3221	14
3222	8
3223	7
3224	16
3225	9
3226	11
3227	11
3228	17
3229	10
3230	17
3231	10
3232	12
3233	10
3234	10
3235	5
3236	11
3237	8
3238	14
3239	4
3240	14
3241	10
3242	19
3243	9
3244	12
3245	12
3246	8
3247	7
3248	17
3249	8
3250	9
3251	9
3252	14
3253	6
3254	10
3255	7
3256	17
3257	14
3258	12
3259	12
3260	6
3261	17
3262	10
3263	15
3264	18
3265	22
3266	15
3267	11
3268	14
3269	9
3270	11
3271	9
3272	9
3273	8
3274	10
3275	10
3276	9
3277	12
3278	7
3279	7
3280	19
3281	18
3282	11
3283	13
3284	9
3285	14
3286	12
3287	14
3288	16
3289	10
3290	12
3291	15
3292	7
3293	8
3294	7
3295	14
3296	12
3297	11
3298	11
3299	12
3300	11
3301	12
3302	6
3303	9
3304	12
3305	9
3306	13
3307	14
3308	12
3309	10
3310	15
3311	4
3312	11
3313	10
3314	13
3315	14
3316	14
3317	11
3318	8
3319	1
3320	11
3321	8
3322	15
3323	15
3324	11
3325	4
3326	12
3327	11
3328	15
3329	9
3330	6
3331	18
3332	6
3333	15
3334	11
3335	4
3336	14
3337	7
3338	10
3339	13
3340	6
3341	9
3342	10
3343	5
3344	12
3345	12
3346	18
3347	15
3348	8
3349	4
3350	11
3351	5
3352	9
3353	13
3354	12
3355	4
3356	13
3357	6
3358	14
3359	9
3360	13
3361	8
3362	9
3363	10
3364	10
3365	5
3366	11
3367	9
3368	11
3369	10
3370	11
3371	9
3372	5
3373	10
3374	6
3375	6
3376	13
3377	7
3378	15
3379	14
3380	8
3381	11
3382	6
3383	9
3384	8
3385	11
3386	11
3387	10
3388	11
3389	5
3390	8
3391	9
3392	15
3393	7
3394	9
3395	8
3396	10
3397	17
3398	14
3399	10
3400	9
3401	10
3402	16
3403	12
3404	16
3405	10
3406	6
3407	14
3408	13
3409	8
3410	7
3411	11
3412	9
3413	8
3414	10
3415	7
3416	7
3417	7
3418	11
3419	6
3420	11
3421	12
3422	7
3423	11
3424	10
3425	15
3426	9
3427	11
3428	11
3429	6
3430	7
3431	5
3432	5
3433	8
3434	5
3435	15
3436	10
3437	7
3438	7
3439	9
3440	12
3441	13
3442	13
3443	4
3444	11
3445	9
3446	11
3447	10
3448	14
3449	9
3450	8
3451	3
3452	18
3453	11
3454	5
3455	6
3456	13
3457	10
3458	8
3459	7
3460	13
3461	13
3462	8
3463	8
3464	7
3465	6
3466	11
3467	10
3468	8
3469	10
3470	11
3471	8
3472	6
3473	10
3474	13
3475	15
3476	8
3477	5
3478	15
3479	8
3480	5
3481	8
3482	5
3483	13
3484	8
3485	9
3486	7
3487	18
3488	12
3489	15
3490	12
3491	4
3492	6
3493	7
3494	12
3495	4
3496	11
3497	14
3498	11
3499	12
3500	14
3501	11
3502	9
3503	7
3504	8
3505	5
3506	13
3507	7
3508	10
3509	12
3510	6
3511	3
3512	7
3513	5
3514	7
3515	8
3516	8
3517	7
3518	7
3519	10
3520	14
3521	13
3522	11
3523	10
3524	11
3525	7
3526	11
3527	3
3528	8
3529	19
3530	9
3531	5
3532	7
3533	9
3534	15
3535	7
3536	8
3537	8
3538	8
3539	12
3540	3
3541	9
3542	7
3543	10
3544	11
3545	5
3546	7
3547	6
3548	7
3549	8
3550	11
3551	14
3552	10
3553	14
3554	14
3555	6
3556	12
3557	6
3558	13
3559	5
3560	10
3561	8
3562	8
3563	4
3564	10
3565	10
3566	9
3567	8
3568	7
3569	11
3570	8
3571	8
3572	12
3573	5
3574	9
3575	7
3576	6
3577	10
3578	11
3579	8
3580	7
3581	8
3582	9
3583	4
3584	9
3585	8
3586	14
3587	9
3588	13
3589	8
3590	13
3591	13
3592	7
3593	8
3594	5
3595	16
3596	9
3597	12
3598	14
3599	7
3600	11
3601	11
3602	10
3603	9
3604	9
3605	8
3606	5
3607	7
3608	3
3609	9
3610	8
3611	7
3612	11
3613	15
3614	9
3615	11
3616	9
3617	13
3618	20
3619	10
3620	9
3621	7
3622	15
3623	3
3624	11
3625	8
3626	15
3627	12
3628	10
3629	12
3630	6
3631	6
3632	7
3633	10
3634	11
3635	8
3636	15
3637	8
3638	9
3639	11
3640	18
3641	10
3642	12
3643	9
3644	10
3645	12
3646	13
3647	14
3648	12
3649	9
3650	6
3651	8
3652	9
3653	8
3654	14
3655	5
3656	10
3657	8
3658	7
3659	10
3660	9
3661	8
3662	12
3663	13
3664	12
3665	4
3666	13
3667	14
3668	9
3669	10
3670	9
3671	7
3672	10
3673	6
3674	9
3675	13
3676	8
3677	13
3678	8
3679	8
3680	11
3681	15
3682	7
3683	7
3684	6
3685	11
3686	12
3687	6
3688	10
3689	8
3690	8
3691	8
3692	14
3693	13
3694	12
3695	7
3696	12
3697	10
3698	10
3699	11
3700	12
3701	6
3702	11
3703	7
3704	14
3705	11
3706	10
3707	10
3708	11
3709	13
3710	9
3711	5
3712	8
3713	11
3714	13
3715	7
3716	16
3717	7
3718	10
3719	8
3720	13
3721	13
3722	14
3723	9
3724	8
3725	13
3726	8
3727	7
3728	11
3729	10
3730	7
3731	5
3732	8
3733	7
3734	13
3735	9
3736	8
3737	9
3738	8
3739	9
3740	9
3741	4
3742	10
3743	8
3744	15
3745	10
3746	12
3747	8
3748	16
3749	9
3750	9
3751	7
3752	7
3753	11
3754	9
3755	7
3756	11
3757	12
3758	13
3759	4
3760	8
3761	10
3762	6
3763	10
3764	6
3765	11
3766	9
3767	8
3768	11
3769	9
3770	14
3771	12
3772	6
3773	12
3774	13
3775	11
3776	9
3777	8
3778	15
3779	12
3780	8
3781	12
3782	5
3783	9
3784	12
3785	12
3786	12
3787	4
3788	8
3789	10
3790	8
3791	15
3792	9
3793	5
3794	10
3795	6
3796	7
3797	7
3798	3
3799	4
3800	11
3801	6
3802	9
3803	9
3804	8
3805	9
3806	7
3807	11
3808	8
3809	12
3810	7
3811	7
3812	8
3813	5
3814	10
3815	1
3816	7
3817	5
3818	10
3819	13
3820	8
3821	11
3822	5
3823	3
3824	12
3825	8
3826	7
3827	11
3828	6
3829	10
3830	7
3831	11
3832	10
3833	6
3834	5
3835	8
3836	5
3837	5
3838	9
3839	14
3840	10
3841	11
3842	8
3843	9
3844	8
3845	6
3846	6
3847	4
3848	5
3849	4
3850	4
3851	7
3852	9
3853	5
3854	5
3855	6
3856	6
3857	4
3858	12
3859	8
3860	8
3861	9
3862	7
3863	5
3864	7
3865	6
3866	6
3867	12
3868	4
3869	5
3870	3
3871	8
3872	5
3873	4
3874	9
3875	5
3876	2
3877	9
3878	2
3879	4
3880	3
3881	5
3882	9
3883	5
3884	7
3885	7
3886	5
3887	5
3888	10
3889	1
3890	4
3891	5
3892	8
3893	9
3894	7
3895	3
3896	10
3897	11
3898	6
3899	8
3900	3
3901	6
3902	4
3903	6
3904	3
3905	3
3906	7
3907	5
3908	10
3909	4
3910	5
3911	6
3912	8
3913	5
3914	6
3915	5
3916	3
3917	5
3918	7
3919	5
3920	4
3921	8
3922	4
3923	7
3924	2
3925	5
3926	6
3927	1
3928	7
3929	8
3930	3
3931	3
3932	5
3933	7
3934	7
3935	9
3936	6
3937	8
3938	5
3939	4
3940	3
3941	4
3942	4
3943	2
3944	4
3945	8
3946	3
3947	3
3949	3
3950	4
3951	7
3952	5
3953	10
3954	6
3955	5
3956	6
3957	3
3958	2
3959	5
3960	8
3961	3
3962	3
3963	2
3964	5
3965	9
3966	4
3968	2
3969	6
3970	4
3971	8
3973	4
3974	2
3975	4
3976	7
3977	5
3978	6
3979	4
3980	5
3981	4
3982	1
3983	1
3984	3
3985	4
3986	1
3987	5
3988	4
3989	4
3990	4
3991	1
3992	2
3993	4
3994	3
3995	3
3996	5
3997	5
3998	2
3999	7
4000	9
4001	4
4002	2
4003	6
4004	5
4005	3
4006	6
4007	8
4008	4
4009	4
4010	3
4011	5
4012	3
4013	4
4014	4
4015	3
4016	2
4017	6
4018	2
4019	5
4020	3
4021	4
4022	1
4023	2
4024	3
4025	4
4026	1
4027	4
4028	3
4029	1
4030	3
4031	2
4032	5
4033	2
4034	3
4035	3
4036	5
4037	3
4038	7
4039	6
4040	6
4041	3
4042	4
4043	2
4044	2
4045	1
4046	4
4047	2
4048	1
4049	2
4050	1
4051	2
4052	1
4053	4
4054	1
4055	1
4056	5
4057	2
4060	2
4062	3
4063	4
4064	2
4065	2
4066	1
4067	1
4069	2
4070	4
4071	1
4073	5
4075	1
4076	2
4077	2
4078	2
4079	5
4080	4
4082	2
4083	1
4084	1
4085	5
4086	3
4087	1
4089	1
4091	1
4092	3
4093	2
4094	4
4095	159
